9.949999999999999956e-01 5.000000000000000104e-03 0.000000000000000000e+00
9.948551198974093790e-01 5.108475416290155467e-03 3.640468630051619251e-05
9.937597110321191307e-01 5.928464185547510125e-03 3.118247823334363567e-04
9.924901339991262228e-01 6.878449700842207207e-03 6.314163000316842713e-04
9.910193517073794256e-01 7.978479402110104021e-03 1.002168890510557334e-03
9.893163556302401185e-01 9.251498761394491219e-03 1.432145608365434971e-03
9.873456601738062055e-01 1.072370330446844461e-02 1.930636521725372220e-03
9.850667599197935331e-01 1.242490965375834915e-02 2.508330426448109485e-03
9.824335574648546121e-01 1.438893711534600106e-02 3.177505419799401577e-03
9.793937746020922042e-01 1.665398683997733678e-02 3.952238557930421760e-03
9.758883662250081859e-01 1.926299974205955903e-02 4.848634032932177922e-03
9.718509648722912786e-01 2.226396694177311050e-02 5.885068185935577942e-03
9.672073945228166769e-01 2.571015733768111308e-02 7.082448139502220408e-03
9.618753052273787407e-01 2.966021597595389775e-02 8.464478796667392752e-03
9.557639953360907992e-01 3.417807433439178089e-02 1.005793032951747025e-02
9.487745049797429164e-01 3.933260002189836041e-02 1.189289499835882898e-02
9.408000820436027700e-01 4.519689978228829536e-02 1.400301817410909075e-02
9.317271382705174521e-01 5.184717790572038187e-02 1.642568382376232566e-02
9.214368254203650910e-01 5.936104496175702988e-02 1.920212961787807690e-02
9.098073654126364040e-01 6.781517303568020127e-02 2.237746155168357162e-02
8.967172586208279617e-01 7.728220829966739314e-02 2.600053307950480480e-02
8.820494645102759934e-01 8.782688543519347191e-02 3.012365005453073938e-02
8.656965919645444041e-01 9.950134669951907207e-02 3.480206133593674589e-02
8.475670475857423058e-01 1.123397553010069966e-01 4.009319711325089880e-02
8.275919672001766925e-01 1.263524085379186812e-01 4.605562426190486225e-02
8.057326033624376826e-01 1.415196949243675006e-01 5.274770171319507345e-02
7.819876736286273111e-01 1.577863866514953306e-01 6.022593971987761502e-02
7.564000154275305476e-01 1.750568897013088931e-01 6.854309487116080901e-02
7.290617781092419980e-01 1.931921557379237819e-01 7.774606615283445599e-02
7.001173508800262457e-01 2.120089562289304563e-01 8.787369289104354775e-02
6.697633123114713483e-01 2.312820997088090302e-01 9.895458797971984355e-02
6.382449118442629077e-01 2.507499249932035879e-01 1.110051631625337681e-01
6.058489466890230046e-01 2.701230421612180743e-01 1.240280111497592264e-01
5.728933346627745893e-01 2.890958679010812160e-01 1.380107974361445000e-01
5.397141302228577464e-01 3.073600883281965013e-01 1.529257814489460299e-01
5.066510981175998962e-01 3.246188670361344619e-01 1.687300348462659472e-01
4.740331669394425296e-01 3.406004718184387769e-01 1.853663612421189988e-01
4.421650871064955468e-01 3.550700568815354785e-01 2.027648560119692522e-01
4.113164159915004836e-01 3.678385965813205094e-01 2.208449874271793401e-01
3.817135956332287638e-01 3.787683646633312473e-01 2.395180397034403219e-01
3.535354554024789930e-01 3.877748050840584826e-01 2.586897395134628574e-01
3.269120498809078290e-01 3.948250595250750727e-01 2.782628905940174313e-01
3.019264018454944631e-01 3.999337353382211302e-01 2.981398628162847952e-01
2.786185022241888798e-01 4.031566813212686951e-01 3.182248164545427582e-01
2.569908307855191532e-01 4.045835867278856912e-01 3.384255824865954332e-01
2.370146844370486783e-01 4.043301562139818284e-01 3.586551593489697431e-01
2.186367008371837284e-01 4.025304781227732609e-01 3.788328210400432883e-01
2.017851067929824493e-01 3.993300350216816841e-01 3.988848581853361441e-01
1.863753719275243192e-01 3.948796362283155115e-01 4.187449918441604191e-01
1.723150859432860393e-01 3.893304040522668208e-01 4.383545100044473619e-01
1.595079899768981901e-01 3.828298297624292412e-01 4.576621802606727352e-01
1.478571747918261958e-01 3.755188344018746682e-01 4.766239908062993025e-01
1.372675123367072259e-01 3.675297203855057981e-01 4.952027672777871148e-01
1.276474171118832102e-01 3.589848762849892072e-01 5.133677066031276937e-01
1.189100456002435136e-01 3.499960924546658969e-01 5.310938619450906728e-01
1.109740413476283383e-01 3.406643527890647616e-01 5.483616058633069557e-01
1.037639248914015849e-01 3.310799826759764364e-01 5.651560924326219926e-01
9.721021530064928584e-02 3.213230511982138604e-01 5.814667335011368676e-01
9.124935619690137389e-02 3.114639441640246753e-01 5.972866996390739924e-01
8.582350544423443528e-02 3.015640419549437956e-01 6.126124526008218663e-01
8.088023520073514550e-02 2.916764515828151327e-01 6.274433132164498605e-01
7.637217817590277735e-02 2.818467553894175026e-01 6.417810664346799143e-01
7.225664687519493812e-02 2.721137494875665030e-01 6.556296036372387670e-01
6.849524526709230288e-02 2.625101535130762165e-01 6.689946012198316749e-01
6.505348650542815137e-02 2.530632798099471947e-01 6.818832336846248898e-01
6.190042586021017590e-02 2.437956551148904583e-01 6.943039190248996295e-01
5.900831462649638176e-02 2.347255914419294764e-01 7.062660939315744679e-01
5.635227828049831078e-02 2.258677054644479543e-01 7.177800162550540541e-01
5.391002034775477930e-02 2.172333874837993895e-01 7.288565921684461157e-01
5.166155218172481522e-02 2.088312222539289997e-01 7.395072255643464487e-01
4.958894799279036508e-02 2.006673646565994007e-01 7.497436873506104771e-01
4.767612391363033886e-02 1.927458736151140550e-01 7.595780024712558420e-01
4.590863955576043182e-02 1.850690077914616261e-01 7.690223526527781850e-01
4.427352034086453475e-02 1.776374866053336832e-01 7.780889930538019694e-01
4.275909883159945829e-02 1.704507199980149768e-01 7.867901811703856829e-01
4.135487330404859913e-02 1.635070101798892228e-01 7.951381165160622544e-01
4.005138187150697471e-02 1.568037283763419054e-01 8.031448897521511476e-01
3.884009056758295358e-02 1.503374693438292720e-01 8.108224400885878369e-01
3.771329391195843428e-02 1.441041861801350132e-01 8.181825199079065802e-01
3.666402660492952548e-02 1.380993077099618438e-01 8.252366656851086724e-01
3.568598512047348875e-02 1.323178404951752818e-01 8.319961743843512503e-01
3.477345808771134528e-02 1.267544573019212806e-01 8.384720846103673741e-01
3.392126446453342520e-02 1.214035736564127443e-01 8.446751618790537819e-01
3.312469861325544052e-02 1.162594139381387393e-01 8.506158874486057231e-01
3.237948148571149348e-02 1.113160682934888207e-01 8.563044502207995956e-01
3.168171721395759977e-02 1.065675415036631962e-01 8.617507412823791624e-01
3.102785448291209974e-02 1.020077948072929674e-01 8.669643507097948287e-01
3.041465213318868613e-02 9.763078155927448765e-02 8.719545663075367603e-01
2.983914850661363929e-02 9.343047750170453691e-02 8.767303739916817440e-01
2.929863410406221766e-02 8.940090632925161429e-02 8.813004595666861229e-01
2.879062717592760848e-02 8.553616114861352371e-02 8.856732116754588713e-01
2.831285191037186469e-02 8.183042235875494230e-02 8.898567257308731548e-01
2.786321892410046144e-02 7.827797241433311071e-02 8.938588086615664174e-01
2.743980779531267344e-02 7.487320787813349365e-02 8.976869843265538051e-01
2.704085140922888458e-02 7.161064911856825088e-02 9.013484994722028576e-01
2.666472191365770392e-02 6.848494796454322742e-02 9.048503301217990513e-01
2.630991810586968613e-02 6.549089359156137768e-02 9.081991883025689605e-01
2.597505409297620749e-02 6.262341687916821165e-02 9.114015290278556503e-01
2.565884908641536191e-02 5.987759345019295215e-02 9.144635574633918074e-01
2.536011820732764557e-02 5.724864557620117783e-02 9.173912362164713397e-01
2.507776419383307698e-02 5.473194311070860713e-02 9.201902926954584894e-01
2.481076991373728363e-02 5.232300359162543602e-02 9.228662264946374538e-01
2.455819159720711714e-02 5.001749163676451337e-02 9.254243167660285430e-01
2.431915271365152689e-02 4.781121774075545311e-02 9.278696295455931553e-01
2.409283842558280694e-02 4.570013656809775865e-02 9.302070250063195767e-01
2.387849055975932097e-02 4.368034482512897498e-02 9.324411646151118394e-01
2.367540304254773728e-02 4.174807878317627480e-02 9.345765181742761163e-01
2.348291775229991232e-02 3.989971151592531379e-02 9.366173707317748676e-01
2.330042074671212493e-02 3.813174990592322483e-02 9.385678293473647127e-01
2.312733882770592192e-02 3.644083146799730749e-02 9.404318297042968400e-01
2.296313641041344833e-02 3.482372103109867417e-02 9.422131425584879816e-01
2.280731266642952587e-02 3.327730731456580299e-02 9.439153800190047683e-01
2.265939891466407438e-02 3.179859942995590799e-02 9.455420016553801599e-01
2.251895623594041274e-02 3.038472333533131023e-02 9.470963204287283776e-01
2.238557328998060092e-02 2.903291826514378324e-02 9.485815084448757650e-01
2.225886431563561113e-02 2.774053315556997135e-02 9.500006025287945910e-01
2.213846729718884493e-02 2.650502308226147449e-02 9.513565096205498506e-01
2.202404228131502745e-02 2.532394572493626081e-02 9.526520119937488262e-01
2.191526983083821531e-02 2.419495787101193576e-02 9.538897722981499738e-01
2.181184960282469415e-02 2.311581196852915271e-02 9.550723384286462503e-01
2.171349903978858978e-02 2.208435273690276604e-02 9.562021482233087344e-01
2.161995216389695287e-02 2.109851384254069623e-02 9.572815339935624168e-01
2.153095846505241953e-02 2.015631464506074944e-02 9.583127268898868900e-01
2.144628187461810123e-02 1.925585701869164668e-02 9.592978611066903527e-01
2.136569981734334420e-02 1.839532225244687458e-02 9.602389779302098471e-01
2.128900233476032841e-02 1.757296803179137293e-02 9.611380296334484097e-01
2.121599127395952522e-02 1.678712550376632029e-02 9.619968832222742794e-01
2.114647953622476526e-02 1.603619642688305924e-02 9.628173240368923524e-01
2.108029038052326720e-02 1.531865040653154417e-02 9.636010592129453656e-01
2.101725677730858707e-02 1.463302221616128579e-02 9.643497210065302694e-01
2.095722080851089922e-02 1.397790920407415705e-02 9.650648699874150305e-01
2.090003310996400854e-02 1.335196878531066424e-02 9.657479981047254469e-01
2.084555235285659447e-02 1.275391601780689887e-02 9.664005316293365899e-01
2.079364476110015861e-02 1.218252126174220774e-02 9.670238339771577429e-01
2.074418366178153172e-02 1.163660792078173058e-02 9.676192084174368713e-01
2.069704906611665243e-02 1.111505026373858264e-02 9.681879006701449297e-01
2.065212727854736849e-02 1.061677132503295075e-02 9.687311013964198247e-01
2.060931053182668560e-02 1.014074088220593903e-02 9.692499485859674691e-01
2.056849664612239725e-02 9.685973508651087027e-03 9.697455298452266614e-01
2.052958871033623914e-02 9.251526699653010374e-03 9.702188845900109326e-01
2.049249478398746521e-02 8.836499069767862757e-03 9.706710061462449080e-01
2.045712761814748315e-02 8.440028619541867921e-03 9.711028437623109300e-01
2.042340439403728114e-02 8.061291069539875537e-03 9.715153045364230966e-01
2.039124647801329390e-02 7.699498259643817663e-03 9.719092552623431747e-01
2.036057919177075570e-02 7.353896611579523526e-03 9.722855241966500417e-01
2.033133159668804035e-02 7.023765652637924128e-03 9.726449027506743894e-01
2.030343629132128069e-02 6.708416598572128527e-03 9.729881471101069490e-01
2.027682922113704933e-02 6.407190993673851642e-03 9.733159797851894668e-01
2.025144949964232180e-02 6.119459406060324957e-03 9.736290910942977384e-01
2.022723924013633198e-02 5.844620176235139353e-03 9.739281405836288652e-01
2.020414339736859022e-02 5.582098217022690365e-03 9.742137583856090854e-01
2.018210961844198181e-02 5.331343863015345491e-03 9.744865465185430509e-01
2.016108810234983409e-02 5.091831767714442153e-03 9.747470801299360499e-01
2.014103146758162988e-02 4.863059846590313783e-03 9.749959086858284163e-01
2.012189462727403955e-02 4.644548264332154335e-03 9.752335571083942112e-01
2.010363467142238861e-02 4.435838464605337816e-03 9.754605268639726656e-01
2.008621075570308709e-02 4.236492240681396376e-03 9.756772970036159398e-01
2.006958399648995847e-02 4.046090845353935740e-03 9.758843251581564848e-01
2.005371737167726057e-02 3.864234138602054124e-03 9.760820484897210214e-01
2.003857562694968605e-02 3.690539771511093352e-03 9.762708846015395459e-01
2.002412518716481862e-02 3.524642405008586270e-03 9.764512324078269412e-01
2.001033407253687696e-02 3.366192962020898329e-03 9.766234729654426072e-01
1.999717181933200610e-02 3.214857911703142453e-03 9.767879702689652444e-01
1.998460940480516548e-02 3.070318584441365795e-03 9.769450720107538677e-01
1.997261917612695725e-02 2.932270516371626723e-03 9.770951103075018462e-01
1.996117478306561055e-02 2.800422822205353608e-03 9.772384023947294773e-01
1.995025111420495670e-02 2.674497595194193049e-03 9.773752512906013212e-01
1.993982423649363553e-02 2.554229333110391142e-03 9.775059464303964551e-01
1.992987133793417895e-02 2.439364389160527009e-03 9.776307642729057390e-01
1.992037067323296218e-02 2.329660446791133061e-03 9.777499688799763389e-01
1.991130151224352121e-02 2.224886017384335862e-03 9.778638124703725731e-01
1.990264409104633772e-02 2.124819959880130688e-03 9.779725359490739622e-01
1.989437956551811867e-02 2.029251021399260980e-03 9.780763694130830688e-01
1.988648996725273996e-02 1.937977397976879332e-03 9.781755326347708612e-01
1.987895816170458935e-02 1.850806314552251846e-03 9.782702355237435921e-01
1.987176780843291288e-02 1.767553623393715388e-03 9.783606785681737694e-01
1.986490332333324185e-02 1.688043420170928181e-03 9.784470532564962797e-01
1.985834984274878132e-02 1.612107676918176887e-03 9.785295424803335251e-01
1.985209318936108358e-02 1.539585891163140242e-03 9.786083209194762489e-01
1.984611983976528049e-02 1.470324750525065774e-03 9.786835554097100820e-01
1.984041689364077904e-02 1.404177812114828887e-03 9.787554052942448735e-01
1.983497204443344236e-02 1.341005196096821655e-03 9.788240227594702247e-01
1.982977355147022905e-02 1.280673292799092665e-03 9.788895531557311180e-01
1.982481021343176705e-02 1.223054482783649975e-03 9.789521353037849982e-01
1.982007134311256774e-02 1.168026869313373416e-03 9.790119017875744678e-01
1.981554674340263791e-02 1.115474022675585998e-03 9.790689792339222208e-01
1.981122668442790100e-02 1.065284735845033670e-03 9.791234885797275300e-01
1.980710188179037393e-02 1.017352790990842934e-03 9.791755453272192877e-01
1.980316347585230410e-02 9.715767363529939160e-04 9.792252597877951770e-01
1.979940301201155856e-02 9.278596730339923153e-04 9.792727373149548997e-01
1.979581242191842672e-02 8.861090512707677381e-04 9.793180785268112976e-01
1.979238400558668703e-02 8.462364757703999584e-04 9.793613795186434379e-01
1.978911041435440707e-02 8.081575197111015140e-04 9.794027320659349778e-01
1.978598463465222959e-02 7.717915470269899733e-04 9.794422238183212448e-01
1.978299997253923567e-02 7.370615426115950967e-04 9.794799384848495993e-01
1.978015003896856430e-02 7.038939500907847235e-04 9.795159560109411023e-01
1.977742873574693527e-02 6.722185168308846557e-04 9.795503527474226368e-01
1.977483024215414761e-02 6.419681458622394183e-04 9.795832016119840890e-01
1.977234900219035016e-02 6.130787544123273954e-04 9.796145722433977632e-01
1.976997971242059823e-02 5.854891387558357240e-04 9.796445311488239938e-01
1.976771731038770921e-02 5.591408451018374309e-04 9.796731418445109307e-01
